N=630
r=3
C=2
66 1 16
49 0 3
33 1 6
26 0 10
35 1 14
22 1 4
22 1 13
37 1 0
32 1 14
30 1 10
19 1 18
29 1 14
19 0 18
31 0 3
51 0 0
28 1 18
46 1 6
21 0 18
29 0 10
28 0 18
48 1 10
45 1 17
38 1 4
60 1 15
37 1 3
44 0 20
49 1 0
42 0 0
39 1 1
23 0 3
26 0 18
33 1 3
33 1 3
28 1 19
22 1 18
19 1 18
28 1 4
25 1 18
25 1 18
29 1 6
28 1 2
42 1 4
26 0 10
44 1 3
23 1 5
35 0 12
17 1 18
19 0 18
21 1 18
40 0 1
28 1 0
19 0 18
41 1 14
36 0 20
26 1 6
62 0 0
23 1 4
24 1 4
31 0 10
18 0 18
51 1 4
33 1 17
50 0 13
20 0 18
38 1 4
21 1 18
35 0 0
37 0 10
33 1 14
30 0 10
15 0 18
22 1 0
28 1 14
40 1 6
25 1 14
27 1 18
21 1 16
34 1 11
11 1 12
40 1 4
19 1 18
35 0 14
24 1 20
34 1 19
31 1 3
43 0 0
29 0 3
44 1 6
29 1 2
26 0 14
24 1 18
42 1 3
19 1 18
22 0 18
23 1 14
45 1 13
25 1 18
60 1 15
40 1 17
37 1 3
32 1 19
48 1 13
41 1 11
20 0 18
31 1 3
43 0 13
22 1 0
65 1 15
38 1 14
19 1 18
49 0 3
20 1 18
21 1 18
21 0 18
48 1 19
41 1 0
22 1 18
51 1 0
48 1 3
35 0 3
33 1 5
20 1 18
47 1 13
32 1 10
45 1 6
23 1 16
37 1 17
39 0 10
35 1 9
46 1 4
17 0 18
25 0 13
43 1 4
30 0 10
28 0 10
34 1 13
18 1 18
24 0 18
68 1 15
32 1 18
61 1 3
37 0 14
25 1 17
29 0 10
25 1 18
32 0 8
26 1 6
40 1 3
22 1 18
51 1 13
22 1 18
35 0 8
20 1 18
63 1 4
29 1 9
20 0 18
17 1 18
18 1 18
24 1 18
52 1 20
36 1 4
25 0 18
24 0 13
36 1 6
17 1 5
28 0 13
22 1 18
35 1 18
44 1 14
32 1 4
33 1 1
45 1 4
42 1 0
52 1 14
36 1 20
36 1 16
33 1 5
31 1 13
44 0 20
42 0 20
23 1 18
52 1 20
19 1 18
25 1 0
43 1 13
57 1 4
17 1 18
40 1 13
25 1 13
33 0 0
46 0 7
30 1 4
37 1 13
29 0 14
22 0 7
52 1 3
29 1 4
23 1 18
48 1 0
30 0 1
34 1 3
25 1 3
55 1 3
24 1 14
39 1 3
20 0 18
27 0 13
55 0 12
37 1 9
53 1 3
38 0 14
26 1 5
64 1 13
36 0 11
19 1 18
55 1 3
51 1 2
28 1 18
27 1 18
38 1 17
24 1 11
22 1 5
27 1 1
16 0 18
24 1 4
30 0 0
27 0 13
51 0 0
23 0 0
30 1 13
50 1 19
22 1 18
35 1 16
51 0 9
21 1 20
57 1 3
30 1 0
23 1 5
23 1 10
35 0 3
16 1 18
35 1 0
18 1 18
57 1 13
48 1 0
24 1 19
33 0 16
47 1 19
22 1 18
44 0 13
15 1 18
19 0 18
48 0 7
60 1 20
32 1 13
22 1 18
29 1 4
28 1 4
60 1 3
24 1 14
10 1 18
24 1 18
29 1 18
51 1 6
30 1 14
28 1 18
23 0 18
29 1 13
30 1 3
57 1 15
73 1 15
18 0 18
29 1 17
27 1 18
44 0 3
39 1 3
22 1 4
48 1 19
55 1 13
29 0 1
43 0 20
57 1 3
22 1 4
38 0 0
29 1 4
21 0 18
20 1 18
26 1 20
42 1 14
28 1 0
22 1 18
22 1 18
50 0 20
40 0 20
27 0 13
46 1 14
18 0 20
27 1 11
23 1 0
34 1 13
22 1 18
29 1 13
43 1 0
27 1 14
53 1 11
53 0 10
24 1 18
49 0 20
22 1 13
62 1 7
19 1 18
36 1 4
50 0 0
56 1 3
27 0 0
30 1 11
33 1 10
18 1 18
47 0 0
29 1 4
30 0 16
20 1 18
43 1 10
20 1 18
45 0 3
38 1 4
36 1 4
31 1 17
53 0 0
28 1 4
19 0 18
21 1 18
33 1 17
44 0 13
27 1 19
36 1 6
50 1 3
51 1 20
42 1 17
16 0 18
25 1 14
45 1 13
58 1 3
32 1 17
29 0 3
35 0 3
30 0 20
56 0 20
69 1 6
32 1 18
23 1 4
54 0 0
39 0 10
65 1 15
40 1 18
20 1 18
24 1 5
39 1 3
34 1 3
26 1 3
34 1 1
51 1 3
68 1 15
56 1 3
33 1 11
48 1 6
36 0 18
31 1 0
32 1 3
16 1 18
37 1 13
17 1 18
44 1 4
25 1 18
69 1 10
20 1 18
26 1 13
18 0 18
21 1 9
50 1 3
57 0 10
18 1 18
31 0 3
46 1 3
25 1 14
20 1 1
23 1 13
40 0 11
22 0 18
34 1 14
19 0 1
47 0 13
21 1 14
39 1 3
33 1 4
28 1 14
49 0 7
22 1 13
13 0 18
22 1 18
46 1 10
36 1 3
37 0 11
54 1 3
38 1 3
55 1 17
27 0 20
15 0 18
17 1 18
18 0 20
17 1 18
25 1 14
50 0 3
19 1 18
27 1 14
23 1 17
24 1 4
13 1 12
46 0 13
26 0 7
53 0 13
a=1
b=1
c=1
d=1
anpha=0.500000
beta=0.300000
gama=0.200000
eps=0.001000
27 0 11
4 0 13
m=3.000000
nuy=2.000000
to=2.000000
a1=1.000000
a2=1.000000
a3=1.000000
1.000000 1.000000 1.000000