0.422951  0.577049  
0.047566  0.952434  
0.667109  0.332891  
0.234873  0.765127  
0.183187  0.816813  
0.968544  0.031456  
0.078789  0.921211  
0.977146  0.022854  
0.983934  0.016066  
0.983136  0.016864  
0.178351  0.821649  
0.116994  0.883006  
0.988238  0.011762  
0.121791  0.878209  
0.070428  0.929572  
0.225535  0.774465  
0.328257  0.671743  
0.977146  0.022854  
0.062564  0.937436  
0.501941  0.498059  
0.020631  0.979369  
0.999689  0.000311  
0.342611  0.657389  
0.051524  0.948476  
0.235615  0.764385  
0.045934  0.954066  
0.947415  0.052585  
0.964669  0.035331  
0.037412  0.962588  
0.662080  0.337920  
0.786859  0.213141  
0.422711  0.577289  
0.958670  0.041330  
0.984995  0.015005  
0.252664  0.747336  
0.700801  0.299199  
0.186398  0.813602  
0.236308  0.763692  
0.985291  0.014709  
0.729891  0.270109  
0.977484  0.022516  
0.445237  0.554763  
0.731193  0.268807  
0.077211  0.922789  
0.988238  0.011762  
0.101937  0.898063  
0.988238  0.011762  
0.223598  0.776402  
0.977146  0.022854  
0.200327  0.799673  
0.694845  0.305155  
0.976421  0.023579  
0.947951  0.052049  
0.958670  0.041330  
0.986018  0.013982  
0.202953  0.797047  
0.174039  0.825961  
0.976395  0.023605  
0.975836  0.024164  
0.160557  0.839443  
0.815673  0.184327  
0.875852  0.124148  
0.988238  0.011762  
0.496860  0.503140  
0.066507  0.933493  
0.378998  0.621002  
0.320461  0.679539  
0.040687  0.959313  
0.107727  0.892273  
0.122160  0.877840  
0.482939  0.517061  
0.370058  0.629942  
0.328257  0.671743  
0.683568  0.316432  
0.224777  0.775223  
0.257678  0.742322  
0.989249  0.010751  
0.202953  0.797047  
0.968544  0.031456  
0.603793  0.396207  
0.046811  0.953189  
0.149290  0.850710  
0.947951  0.052049  
0.082835  0.917165  
0.965943  0.034057  
0.322920  0.677080  
0.022892  0.977108  
0.490663  0.509337  
0.201926  0.798074  
0.844536  0.155464  
0.846058  0.153942  
0.105671  0.894329  
0.542581  0.457419  
0.989249  0.010751  
0.104555  0.895445  
0.448221  0.551779  
0.270788  0.729212  
0.672347  0.327653  
0.134092  0.865908  
0.989126  0.010874  
0.095198  0.904802  
0.976421  0.023579  
0.916247  0.083753  
0.137243  0.862757  
0.116847  0.883153  
0.115168  0.884832  
0.183939  0.816061  
0.698958  0.301042  
0.219971  0.780029  
0.207689  0.792311  
0.968544  0.031456  
0.134092  0.865908  
0.104000  0.896000  
0.909197  0.090803  
0.940062  0.059938  
0.290458  0.709542  
0.937350  0.062650  
0.790060  0.209940  
0.563404  0.436596  
0.936237  0.063763  
0.725754  0.274246  
0.439210  0.560790  
0.916247  0.083753  
0.122014  0.877986  
0.648808  0.351192  
0.759547  0.240453  
0.180975  0.819025  
0.988238  0.011762  
0.440688  0.559312  
0.078425  0.921575  
0.964389  0.035611  
0.152460  0.847540  
0.439212  0.560788  
0.775094  0.224906  
0.921391  0.078609  
0.225535  0.774465  
0.936721  0.063279  
0.250939  0.749061  
0.958670  0.041330  
0.162743  0.837257  
0.104555  0.895445  
0.975004  0.024996  
0.595810  0.404190  
0.179390  0.820610  
0.988238  0.011762  
0.046937  0.953063  
0.925234  0.074766  
0.967888  0.032112  
0.043147  0.956853  
0.237701  0.762299  
0.599324  0.400676  
0.988238  0.011762  
0.542581  0.457419  
0.590098  0.409902  
0.178307  0.821693  
0.989126  0.010874  
0.869146  0.130854  
0.986018  0.013982  
0.869412  0.130588  
0.080123  0.919877  
0.783504  0.216496  
0.909197  0.090803  
0.988299  0.011701  
0.824523  0.175477  
0.473574  0.526426  
0.176536  0.823464  
0.278117  0.721883  
0.958077  0.041923  
0.871836  0.128164  
0.940062  0.059938  
0.051955  0.948045  
0.095198  0.904802  
0.762614  0.237386  
0.178351  0.821649  
0.143430  0.856570  
0.489099  0.510901  
0.239071  0.760929  
0.152460  0.847540  
0.762614  0.237386  
0.167001  0.832999  
0.542581  0.457419  
0.983136  0.016864  
0.977146  0.022854  
0.937316  0.062684  
0.076503  0.923497  
0.512636  0.487364  
0.988238  0.011762  
0.988238  0.011762  
0.198946  0.801054  
0.310092  0.689908  
0.916247  0.083753  
0.071714  0.928286  
0.944358  0.055642  
0.866159  0.133841  
0.649055  0.350945  
0.422711  0.577289  
0.988238  0.011762  
0.824523  0.175477  
0.101579  0.898421  
0.934441  0.065559  
0.109556  0.890444  
0.105390  0.894610  
0.986018  0.013982  
0.198423  0.801577  
0.981123  0.018877  
0.191086  0.808914  
0.968544  0.031456  
0.174039  0.825961  
0.115592  0.884408  
0.143371  0.856629  
0.545800  0.454200  
0.697660  0.302340  
0.415910  0.584090  
0.958670  0.041330  
0.100940  0.899060  
0.542581  0.457419  
0.812269  0.187731  
0.977146  0.022854  
0.005372  0.994628  
0.977146  0.022854  
0.053865  0.946135  
0.104131  0.895869  
0.174039  0.825961  
0.758377  0.241623  
0.136101  0.863899  
0.590098  0.409902  
0.967888  0.032112  
0.983934  0.016066  
0.617060  0.382940  
0.046937  0.953063  
0.929578  0.070422  
0.160557  0.839443  
0.087157  0.912843  
0.200401  0.799599  
0.165272  0.834728  
0.936237  0.063763  
0.979377  0.020623  
0.049291  0.950709  
0.161326  0.838674  
0.689976  0.310024  
0.521547  0.478453  
0.225535  0.774465  
0.810974  0.189026  
0.218690  0.781310  
0.240851  0.759149  
0.700801  0.299199  
0.746410  0.253590  
0.143512  0.856488  
0.051524  0.948476  
0.234873  0.765127  
0.246391  0.753609  
0.977146  0.022854  
0.755354  0.244646  
0.095198  0.904802  
0.270788  0.729212  
0.641854  0.358146  
0.279751  0.720249  
0.096287  0.903713  
0.252664  0.747336  
0.143371  0.856629  
0.445859  0.554141  
0.046846  0.953154  
0.433184  0.566816  
0.400401  0.599599  
0.371234  0.628766  
0.936721  0.063279  
0.201926  0.798074  
0.947951  0.052049  
0.037641  0.962359  
0.977484  0.022516  
0.244919  0.755081  
0.977146  0.022854  
0.946705  0.053295  
0.958077  0.041923  
0.904394  0.095606  
0.087157  0.912843  
0.149353  0.850647  
0.958670  0.041330  
0.422983  0.577017  
0.057521  0.942479  
0.979377  0.020623  
0.715481  0.284519  
0.981588  0.018412  
0.041091  0.958909  
0.987365  0.012635  
0.455993  0.544007  
0.724832  0.275168  
0.063062  0.936938  
0.986025  0.013975  
0.095198  0.904802  
0.322738  0.677262  
0.896146  0.103854  
0.054474  0.945526  
0.981123  0.018877  
0.901849  0.098151  
0.988238  0.011762  
0.023521  0.976479  
0.184067  0.815933  
0.148191  0.851809  
0.124670  0.875330  
0.118887  0.881113  
0.179444  0.820556  
0.915340  0.084660  
0.924796  0.075204  
0.947951  0.052049  
0.944358  0.055642  
0.947951  0.052049  
0.979377  0.020623  
0.087454  0.912546  
0.968544  0.031456  
0.934441  0.065559  
0.996405  0.003595  
0.725754  0.274246  
0.886640  0.113360  
0.055539  0.944461  
0.764496  0.235504  
0.958077  0.041923  
0.958670  0.041330  
0.373841  0.626159  
0.079313  0.920687  
0.981123  0.018877  
0.063334  0.936666  
0.759547  0.240453  
0.040687  0.959313  
0.007454  0.992546  
0.977146  0.022854  
0.986018  0.013982  
0.958077  0.041923  
0.247068  0.752932  
0.124553  0.875447  
0.934441  0.065559  
0.947415  0.052585  
0.077211  0.922789  
0.037412  0.962588  
0.977146  0.022854  
0.040701  0.959299  
0.234873  0.765127  
0.339605  0.660395  
0.471150  0.528850  
0.938893  0.061107  
0.066164  0.933836  
0.070428  0.929572  
0.924361  0.075639  
0.542389  0.457611  
0.422951  0.577049  
0.962526  0.037474  
0.896146  0.103854  
0.127919  0.872081  
0.946705  0.053295  
0.490663  0.509337  
0.603793  0.396207  
0.098170  0.901830  
0.254095  0.745905  
0.852699  0.147301  
0.201926  0.798074  
0.817850  0.182150  
0.986025  0.013975  
0.143512  0.856488  
0.096287  0.903713  
0.901849  0.098151  
0.422711  0.577289  
0.783504  0.216496  
0.969900  0.030100  
0.087157  0.912843  
0.976421  0.023579  
0.389521  0.610479  
0.017640  0.982360  
0.992556  0.007444  
0.006557  0.993443  
0.909197  0.090803  
0.501711  0.498289  
0.371234  0.628766  
0.494472  0.505528  
0.191354  0.808646  
0.965943  0.034057  
0.440688  0.559312  
0.270788  0.729212  
0.268721  0.731279  
0.006243  0.993757  
0.194455  0.805545  
0.937316  0.062684  
0.143430  0.856570  
0.965943  0.034057  
0.894756  0.105244  
0.046250  0.953750  
0.947951  0.052049  
0.081491  0.918509  
0.201926  0.798074  
0.641854  0.358146  
0.081491  0.918509  
0.983136  0.016864  
0.989249  0.010751  
0.138943  0.861057  
0.799403  0.200597  
0.976885  0.023115  
0.968544  0.031456  
0.987365  0.012635  
0.987365  0.012635  
0.052963  0.947037  
0.669080  0.330920  
0.975311  0.024689  
0.219539  0.780461  
0.975004  0.024996  
0.227651  0.772349  
0.202688  0.797312  
0.109800  0.890200  
0.754803  0.245197  
0.065137  0.934863  
0.731193  0.268807  
0.471150  0.528850  
0.983934  0.016066  
0.603578  0.396422  
0.977484  0.022516  
0.155257  0.844743  
0.968544  0.031456  
0.757407  0.242593  
0.065053  0.934947  
0.875852  0.124148  
0.046937  0.953063  
0.964669  0.035331  
0.625054  0.374946  
0.199313  0.800687  
0.783504  0.216496  
0.519412  0.480588  
0.519412  0.480588  
0.671965  0.328035  
0.952095  0.047905  
0.496860  0.503140  
0.710246  0.289754  
0.278201  0.721799  
0.257386  0.742614  
0.700119  0.299881  
0.960981  0.039019  
0.512636  0.487364  
0.510810  0.489190  
0.512636  0.487364  
0.975836  0.024164  
0.200330  0.799670  
0.176933  0.823067  
0.168949  0.831051  
0.051955  0.948045  
0.729445  0.270555  
0.962526  0.037474  
0.940062  0.059938  
0.976421  0.023579  
0.339958  0.660042  
0.947951  0.052049  
0.361274  0.638726  
0.946741  0.053259  
0.606145  0.393855  
0.764029  0.235971  
0.052144  0.947856  
0.246885  0.753115  
0.476865  0.523135  
0.053289  0.946711  
0.909197  0.090803  
0.962526  0.037474  
0.198734  0.801266  
0.977146  0.022854  
0.820760  0.179240  
0.027930  0.972070  
0.662840  0.337160  
0.217032  0.782968  
0.564438  0.435562  
0.764029  0.235971  
0.093799  0.906201  
0.977146  0.022854  
0.703079  0.296921  
0.697660  0.302340  
0.100636  0.899364  
0.378998  0.621002  
0.174625  0.825375  
0.958077  0.041923  
0.121791  0.878209  
0.824523  0.175477  
0.929578  0.070422  
0.422951  0.577049  
0.111536  0.888464  
0.988238  0.011762  
0.371234  0.628766  
0.783504  0.216496  
0.709982  0.290018  
0.046937  0.953063  
0.310092  0.689908  
0.109800  0.890200  
0.979377  0.020623  
0.966748  0.033252  
0.250939  0.749061  
0.250638  0.749362  
0.095198  0.904802  
0.916247  0.083753  
0.866159  0.133841  
0.013573  0.986427  
0.112132  0.887868  
0.074691  0.925309  
0.143632  0.856368  
0.077819  0.922181  
0.978701  0.021299  
0.913286  0.086714  
0.759547  0.240453  
0.599324  0.400676  
0.422711  0.577289  
0.968544  0.031456  
0.787912  0.212088  
0.180860  0.819140  
0.988238  0.011762  
0.135704  0.864296  
0.729891  0.270109  
0.563404  0.436596  
0.683568  0.316432  
0.037641  0.962359  
0.527785  0.472215  
0.745941  0.254059  
0.787912  0.212088  
0.199067  0.800933  
0.071714  0.928286  
0.976885  0.023115  
0.975004  0.024996  
0.595886  0.404114  
0.946705  0.053295  
0.016186  0.983814  
0.082119  0.917881  
0.207527  0.792473  
0.989249  0.010751  
0.091796  0.908204  
0.129135  0.870865  
0.067299  0.932701  
0.309854  0.690146  
0.254095  0.745905  
0.762614  0.237386  
0.210738  0.789262  
0.798652  0.201348  
0.869412  0.130588  
0.045934  0.954066  
0.924796  0.075204  
0.582035  0.417965  
0.950759  0.049241  
0.098054  0.901946  
0.198194  0.801806  
0.868287  0.131713  
0.105127  0.894873  
0.015355  0.984645  
0.251234  0.748766  
0.201761  0.798239  
0.950115  0.049885  
0.263479  0.736521  
0.324942  0.675058  
0.762133  0.237867  
0.947951  0.052049  
0.934441  0.065559  
0.624202  0.375798  
0.049291  0.950709  
0.993642  0.006358  
0.986025  0.013975  
0.820760  0.179240  
0.988238  0.011762  
0.471150  0.528850  
0.967888  0.032112  
0.104837  0.895163  
0.403066  0.596934  
0.984995  0.015005  
0.063633  0.936367  
0.759547  0.240453  
0.087454  0.912546  
0.322920  0.677080  
0.902208  0.097792  
0.064666  0.935334  
0.218689  0.781311  
0.056826  0.943174  
0.037641  0.962359  
0.758423  0.241577  
0.977146  0.022854  
0.913286  0.086714  
0.185275  0.814725  
0.975004  0.024996  
0.700801  0.299199  
0.122014  0.877986  
0.265214  0.734786  
0.977484  0.022516  
0.063334  0.936666  
0.585052  0.414948  
0.888497  0.111503  
0.759547  0.240453  
0.865320  0.134680  
0.599324  0.400676  
0.200330  0.799670  
0.080478  0.919522  
0.082370  0.917630  
0.566263  0.433737  
0.947415  0.052585  
0.917622  0.082378  
0.014875  0.985125  
0.964669  0.035331  
0.009263  0.990737  
0.087454  0.912546  
0.680501  0.319499  
0.431582  0.568418  
0.101937  0.898063  
0.940062  0.059938  
0.046937  0.953063  
0.073438  0.926562  
0.632395  0.367605  
0.987365  0.012635  
0.212231  0.787769  
0.965943  0.034057  
0.448221  0.551779  
0.976421  0.023579  
0.476805  0.523195  
0.983934  0.016066  
0.824523  0.175477  
0.963011  0.036989  
0.062990  0.937010  
0.992556  0.007444  
0.983934  0.016066  
0.142046  0.857954  
0.912955  0.087045  
0.178307  0.821693  
0.161326  0.838674  
0.909197  0.090803  
0.184517  0.815483  
0.073059  0.926941  
0.977021  0.022979  
0.070428  0.929572  
0.356607  0.643393  
0.961386  0.038614  
0.361274  0.638726  
0.977146  0.022854  
0.045453  0.954547  
0.988238  0.011762  
0.975004  0.024996  
